
[55] DSPF_dp_qrd	Iter#: 1	x = [0.205474, -26.305555, -0.822826, 23.785921, 20.411329, 55.678188, -19.145880, -15.997025, 8.704593, -30.008352, -40.860935, 23.518490, 14.908151, -49.877300, -4.210965, 26.950308, ]
[56] y = [1962387.000000, -24462.341797, 766819.375000, 242169.312500, 59476.347656, 284721.156250, -94454.132813, 88601.867188, 326636.593750, -457037.625000, 366238.531250, 169725.515625, 226967.828125, -87614.101563, 125963.929688, -384062.062500, ]
[57] x = [0.205474, -26.305555, -0.822826, 23.785921, 20.411329, 55.678188, -19.145880, -15.997025, 8.704593, -30.008352, -40.860935, 23.518490, 14.908151, -49.877300, -4.210965, 26.950308, ]
[58] y = [1962387.000000, -24462.351563, 766819.375000, 242169.343750, 59476.343750, 284721.187500, -94454.125000, 88601.867188, 326636.593750, -457037.625000, 366238.593750, 169725.515625, 226967.843750, -87614.093750, 125963.976563, -384062.062500, ]
[59] Successful	order=16x16, 	qr: 750384, 	slover: 4781, 	inverse: 452314, 
[60] DSPF_dp_qrd	Iter#: 2	x = [1.251974, 1.733237, -0.242883, -0.139688, 0.434706, 0.037096, 1.553864, 0.757456, -0.146242, -0.610864, -1.573212, 0.438565, 0.371993, 1.188882, -1.148569, 2.242403, -1.557582, -0.418531, 1.265415, -0.013293, 1.024808, 1.888531, 0.701287, 0.263529, 0.806405, -1.634060, -0.513021, -0.616715, -0.607451, 0.442188, -1.908355, -0.951487, 1.368543, -1.236400, -1.251318, -2.704075, 0.519217, -0.285407, 0.507113, -0.916673, -0.493586, 0.221903, -0.993360, 0.891201, 0.600492, 0.534113, 0.634348, 0.769741, ]
[61] y = [3830842.250000, -916523.687500, -355715.750000, 147211.031250, 542096.437500, 313803.750000, -669911.875000, -47203.156250, 82321.687500, 211739.640625, -305168.156250, -396806.437500, -88880.390625, 528107.312500, -260183.265625, -21462.408203, -318313.937500, 23124.527344, 521622.718750, -265188.593750, -207346.937500, 281450.468750, 409737.593750, -110710.789063, -118796.070313, -47654.726563, 469569.593750, 133461.375000, -377224.906250, -59784.593750, -654617.687500, 188969.578125, -440675.562500, 176516.421875, -138824.093750, -519461.218750, 515500.343750, -217437.937500, 10871.429688, 646333.437500, -461473.593750, -659743.187500, -271838.562500, 330322.218750, -284807.375000, -412163.687500, 27614.484375, 149770.625000, ]
[62] x = [1.251975, 1.733237, -0.242882, -0.139688, 0.434706, 0.037096, 1.553865, 0.757456, -0.146242, -0.610865, -1.573212, 0.438564, 0.371993, 1.188882, -1.148569, 2.242403, -1.557582, -0.418531, 1.265415, -0.013293, 1.024808, 1.888530, 0.701287, 0.263530, 0.806406, -1.634060, -0.513021, -0.616715, -0.607451, 0.442188, -1.908355, -0.951487, 1.368543, -1.236400, -1.251318, -2.704075, 0.519217, -0.285407, 0.507113, -0.916672, -0.493586, 0.221903, -0.993359, 0.891201, 0.600491, 0.534113, 0.634348, 0.769740, ]
[63] y = [3830842.250000, -916523.687500, -355715.843750, 147210.968750, 542096.437500, 313803.750000, -669911.875000, -47203.105469, 82321.687500, 211739.656250, -305168.281250, -396806.375000, -88880.359375, 528107.312500, -260183.265625, -21462.390625, -318314.000000, 23124.550781, 521622.656250, -265188.593750, -207346.937500, 281450.500000, 409737.593750, -110710.804688, -118796.125000, -47654.695313, 469569.593750, 133461.390625, -377224.937500, -59784.593750, -654617.625000, 188969.578125, -440675.468750, 176516.312500, -138824.093750, -519461.156250, 515500.281250, -217437.937500, 10871.500000, 646333.437500, -461473.562500, -659743.125000, -271838.562500, 330322.312500, -284807.312500, -412163.625000, 27614.492188, 149770.562500, ]
[64] Successful	order=48x48, 	qr: 17520708, 	slover: 21689, 	inverse: 11493233, 
[65] DSPF_dp_qrd	Iter#: 3	

x = [nan, nan, nan, nan, nan, nan, nan, nan, nan, nan, nan, nan, nan, nan, nan, nan, nan, nan, nan, nan, nan, nan, nan, nan, nan, nan, nan, nan, nan, nan, nan, nan, nan, nan, nan, nan, nan, nan, nan, nan, nan, nan, nan, nan, nan, nan, nan, nan, nan, nan, nan, nan, nan, nan, nan, 
1.363084, -0.981190, -0.721183, -0.176620, 1.065614, 0.512976, -1.239904, 0.980938, -0.608828, 0.533134, -1.619373, 0.218115, 0.191810, 1.944036, 0.294408, 1.130922, 0.432665, -1.972043, 0.519210, -0.908502, -0.474314, 0.138604, 1.213112, -0.838729, -0.717987, -0.531514, -0.037425, 0.729674, 1.668411, 1.255408, 0.012121, -0.454168, -0.212032, -0.201364, 1.314460, -0.695343, 0.902791, 0.641004, 0.544695, -2.143589, 0.993370, 0.353969, -0.434999, -0.356978, -0.287735, -0.938624, 0.920125, -0.143701, -0.718419, 0.432313, -1.486480, -0.429196, 0.719751, 1.133768, 0.344857, 0.865936, -1.974693, 0.934045, -0.976627, -0.425584, 1.091432, 0.517678, 1.994031, -0.519152, -0.043870, -1.339325, -1.066272, -0.046053, -0.451330, -1.808111, -0.787826, 0.877288, -1.808354, ]
x = [0.272300, 2.290487, -0.904891, -0.889794, -0.990545, 0.965480, 0.674810, -0.747232, -0.042788, 0.760182, -0.962095, -1.135239, 0.709001, 1.431988, -0.405638, 0.114420, 0.097732, -1.258646, 0.086510, -1.714882, -0.106920, 1.119559, 0.388038, -0.382367, 0.398311, -1.160317, 0.234440, -0.637186, 0.456493, 0.752375, 0.483804, -0.054646, -1.537519, -1.657028, -1.001626, 3.944118, 1.464790, 1.489001, 1.707957, -1.919415, 1.006536, 1.073489, 1.470978, -0.544242, -1.277602, -0.708258, 2.779833, -0.617969, -0.471653, -0.179787, 0.613963, -1.701931, -1.312888, -0.366952, 1.226143, 
1.363085, -0.981190, -0.721183, -0.176620, 1.065614, 0.512976, -1.239905, 0.980938, -0.608827, 0.533134, -1.619374, 0.218115, 0.191810, 1.944036, 0.294408, 1.130921, 0.432665, -1.972043, 0.519210, -0.908502, -0.474314, 0.138604, 1.213112, -0.838728, -0.717987, -0.531514, -0.037425, 0.729674, 1.668411, 1.255408, 0.012121, -0.454168, -0.212032, -0.201364, 1.314460, -0.695343, 0.902792, 0.641004, 0.544696, -2.143589, 0.993370, 0.353970, -0.434999, -0.356978, -0.287735, -0.938624, 0.920125, -0.143701, -0.718419, 0.432313, -1.486480, -0.429196, 0.719751, 1.133769, 0.344857, 0.865936, -1.974694, 0.934045, -0.976627, -0.425584, 1.091432, 0.517678, 1.994031, -0.519152, -0.043870, -1.339325, -1.066272, -0.046053, -0.451330, -1.808111, -0.787826, 0.877288, -1.808354, ]
y = [6117117.500000, 2366324.500000, 1728583.125000, 1148978.375000, 245022.328125, 628336.875000, -306385.281250, -382262.812500, -373829.281250, -297026.750000, -560746.812500, -300015.718750, 52359.132813, -4139.765625, 690296.312500, -509647.531250, -188549.828125, -27636.462891, -339333.906250, 209624.750000, 23821.058594, 355836.562500, 1020815.937500, 98118.765625, -583556.875000, -47095.746094, -145891.062500, -61822.707031, -232871.031250, 282655.125000, -62327.019531, -341214.687500, -131336.109375, 898815.812500, 4813.386719, 155685.781250, -522179.593750, -234573.078125, 5633.814941, 638192.625000, -256784.046875, 124205.554688, 168272.453125, 32349.445313, -204610.109375, -45650.078125, -82451.476563, 179746.828125, -297765.875000, -219390.312500, 107510.835938, 656385.375000, 547594.375000, -255229.812500, -290919.218750, -468376.531250, -204173.359375, -219571.703125, -193201.359375, -156085.234375, -92725.617188, -206408.453125, 62427.402344, -206958.250000, -314186.750000, -332731.625000, -79925.625000, -424280.625000, -488195.781250, 469000.156250, -168875.062500, 188262.546875, -100579.648438, 43280.761719, 144963.375000, -385114.875000, -24454.195313, -94922.078125, -186935.750000, -171148.750000, 213394.234375, 138603.687500, -383835.156250, 176848.140625, -175526.750000, 312970.093750, 4836.267090, 21801.666016, -270948.875000, -155175.953125, 89640.289063, -144397.968750, -49014.109375, 124704.835938, -147001.703125, -347082.468750, 25587.472656, -196603.250000, -295527.968750, 161303.343750, 468109.968750, 1121.804443, 193848.906250, 380857.156250, 1162.800171, 213564.750000, -197702.812500, -12098.031250, 70445.843750, 147878.281250, 124494.632813, -170813.031250, -384609.875000, -375331.156250, 229291.812500, -176157.390625, -99034.859375, -95509.976563, 408576.656250, 422545.312500, 527248.562500, 116152.945313, -443994.281250, 10970.069336, 370439.906250, -130763.875000, -13061.767578, -359193.625000, ]
y = [6117117.500000, 2366324.250000, 1728583.125000, 1148978.625000, 245022.328125, 628336.812500, -306385.156250, -382262.812500, -373829.187500, -297026.718750, -560746.875000, -300015.781250, 52359.164063, -4139.765625, 690296.187500, -509647.500000, -188549.890625, -27636.400391, -339333.906250, 209624.671875, 23820.992188, 355836.500000, 1020816.062500, 98118.781250, -583556.750000, -47095.757813, -145890.953125, -61822.660156, -232871.109375, 282655.000000, -62327.050781, -341214.625000, -131336.093750, 898815.937500, 4813.300781, 155685.671875, -522179.593750, -234573.046875, 5633.703125, 638192.687500, -256784.078125, 124205.671875, 168272.484375, 32349.539063, -204610.296875, -45649.992188, -82451.515625, 179746.828125, -297765.812500, -219390.343750, 107510.859375, 656385.562500, 547594.437500, -255229.765625, -290919.218750, -468376.531250, -204173.359375, -219571.703125, -193201.343750, -156085.218750, -92725.609375, -206408.390625, 62427.300781, -206958.281250, -314186.843750, -332731.531250, -79925.617188, -424280.593750, -488195.843750, 469000.093750, -168875.062500, 188262.578125, -100579.601563, 43280.562500, 144963.406250, -385114.937500, -24454.230469, -94922.140625, -186935.812500, -171148.718750, 213394.265625, 138603.703125, -383835.156250, 176848.093750, -175526.718750, 312970.093750, 4836.246094, 21801.599609, -270948.781250, -155176.015625, 89640.390625, -144398.015625, -49014.125000, 124704.828125, -147001.718750, -347082.562500, 25587.457031, -196603.218750, -295527.875000, 161303.281250, 468109.843750, 1121.929688, 193848.906250, 380857.156250, 1162.906250, 213564.859375, -197702.781250, -12097.867188, 70445.851563, 147878.265625, 124494.664063, -170813.062500, -384609.812500, -375331.093750, 229291.781250, -176157.343750, -99034.984375, -95509.921875, 408576.593750, 422545.312500, 527248.500000, 116153.031250, -443994.281250, 10970.113281, 370439.968750, -130763.984375, -13061.714844, -359193.625000, ]

[69] Successful	order=128x128, 	qr: 320721251, 	slover: 108792, 	inverse: 213807760, 
[70] 
