[0] DSPF_dp_qrd	Iter#: 1	x = [0.704346, 0.000000, 0.017751, 0.000000, 0.000000, 0.484431, 0.000000, 0.000000, 0.000000, 0.175213, 0.000000, 0.000000, 0.000000, 0.000000, 0.072419, 0.000000, ]
[1] y = [1962387.000000, -24462.341797, 766819.375000, 242169.312500, 59476.347656, 284721.156250, -94454.132813, 88601.867188, 326636.593750, -457037.625000, 366238.531250, 169725.515625, 226967.828125, -87614.101563, 125963.929688, -384062.062500, ]
[2] x = [0.205474, -26.305555, -0.822826, 23.785921, 20.411329, 55.678188, -19.145880, -15.997025, 8.704593, -30.008352, -40.860935, 23.518490, 14.908151, -49.877300, -4.210965, 26.950308, ]
[3] 核 0 加载 C:/Users/LinGuanguo/source/杜亚娟老师项目/DSPF_sp_qrd_solver/Debug/DSPF_sp_qrd_solver.out
[4] 加载 .text段 地址=0x800002500 大小=0x3db20
[5] 加载 .neardata段 地址=0x800040020 大小=0x58
[6] 加载 .fardata段 地址=0x800040078 大小=0x3e0
[7] 加载 .bss段 地址=0x800040458 大小=0x42d38
[8] 加载 .const段 地址=0x800083190 大小=0xd90
[9] 加载 .cio段 地址=0x800083f20 大小=0x4008
[10] DSPF_dp_qrd	Iter#: 1	x = [0.267935, 0.000000, 0.016756, 0.000000, 0.000000, 0.514998, 0.000000, 0.000000, 0.000000, 0.135751, 0.000000, 0.000000, 0.000000, 0.000000, -0.075315, 0.000000, ]
[11] y = [1962387.000000, -24462.341797, 766819.375000, 242169.312500, 59476.347656, 284721.156250, -94454.132813, 88601.867188, 326636.593750, -457037.625000, 366238.531250, 169725.515625, 226967.828125, -87614.101563, 125963.929688, -384062.062500, ]
[12] x = [0.205474, -26.305555, -0.822826, 23.785921, 20.411329, 55.678188, -19.145880, -15.997025, 8.704593, -30.008352, -40.860935, 23.518490, 14.908151, -49.877300, -4.210965, 26.950308, ]
[13] y = [1962387.000000, -24462.351563, 766819.375000, 242169.343750, 59476.343750, 284721.187500, -94454.125000, 88601.867188, 326636.593750, -457037.625000, 366238.593750, 169725.515625, 226967.843750, -87614.093750, 125963.976563, -384062.062500, ]
[14] Successful	order=16x16, 	qr: 730539, 	slover: 4863, 	inverse: 452543, 
[15] DSPF_dp_qrd	Iter#: 2	x = [0.356009, 0.000000, 0.228318, 0.000000, 0.000000, 0.041629, 0.000000, 0.000000, 0.000000, -0.007321, 0.000000, 0.000000, 0.000000, 0.000000, 0.181480, 0.000000, 0.000000, 0.000000, 0.000000, 0.122341, 0.000000, 0.000000, 0.000000, 0.000000, 0.000000, -0.039530, 0.000000, 0.000000, 0.000000, 0.000000, 0.000000, 0.000000, 0.000000, 0.000000, 0.000000, 0.000000, 0.000000, 0.000000, 0.250030, 0.000000, 0.000000, -0.138201, 0.000000, 0.000000, 0.000000, 0.000000, 0.000000, 0.000000, ]
[16] y = [3830842.250000, -916523.687500, -355715.750000, 147211.031250, 542096.437500, 313803.750000, -669911.875000, -47203.156250, 82321.687500, 211739.640625, -305168.156250, -396806.437500, -88880.390625, 528107.312500, -260183.265625, -21462.408203, -318313.937500, 23124.527344, 521622.718750, -265188.593750, -207346.937500, 281450.468750, 409737.593750, -110710.789063, -118796.070313, -47654.726563, 469569.593750, 133461.375000, -377224.906250, -59784.593750, -654617.687500, 188969.578125, -440675.562500, 176516.421875, -138824.093750, -519461.218750, 515500.343750, -217437.937500, 10871.429688, 646333.437500, -461473.593750, -659743.187500, -271838.562500, 330322.218750, -284807.375000, -412163.687500, 27614.484375, 149770.625000, ]
[17] x = [1.251975, 1.733237, -0.242882, -0.139688, 0.434706, 0.037096, 1.553865, 0.757456, -0.146242, -0.610865, -1.573212, 0.438564, 0.371993, 1.188882, -1.148569, 2.242403, -1.557582, -0.418531, 1.265415, -0.013293, 1.024808, 1.888530, 0.701287, 0.263530, 0.806406, -1.634060, -0.513021, -0.616715, -0.607451, 0.442188, -1.908355, -0.951487, 1.368543, -1.236400, -1.251318, -2.704075, 0.519217, -0.285407, 0.507113, -0.916672, -0.493586, 0.221903, -0.993359, 0.891201, 0.600491, 0.534113, 0.634348, 0.769740, ]
[18] y = [3830842.250000, -916523.687500, -355715.843750, 147210.968750, 542096.437500, 313803.750000, -669911.875000, -47203.105469, 82321.687500, 211739.656250, -305168.281250, -396806.375000, -88880.359375, 528107.312500, -260183.265625, -21462.390625, -318314.000000, 23124.550781, 521622.656250, -265188.593750, -207346.937500, 281450.500000, 409737.593750, -110710.804688, -118796.125000, -47654.695313, 469569.593750, 133461.390625, -377224.937500, -59784.593750, -654617.625000, 188969.578125, -440675.468750, 176516.312500, -138824.093750, -519461.156250, 515500.281250, -217437.937500, 10871.500000, 646333.437500, -461473.562500, -659743.125000, -271838.562500, 330322.312500, -284807.312500, -412163.625000, 27614.492188, 149770.562500, ]
[19] 核 0 加载 C:/Users/LinGuanguo/source/杜亚娟老师项目/DSPF_sp_qrd_solver/Debug/DSPF_sp_qrd_solver.out
[20] 加载 .text段 地址=0x800002500 大小=0x3db20
[21] 加载 .neardata段 地址=0x800040020 大小=0x58
[22] 加载 .fardata段 地址=0x800040078 大小=0x3e0
[23] 加载 .bss段 地址=0x800040458 大小=0x42d38
[24] 加载 .const段 地址=0x800083190 大小=0xd90
[25] 加载 .cio段 地址=0x800083f20 大小=0x4008
[26] 核 0 加载 C:/Users/LinGuanguo/source/杜亚娟老师项目/DSPF_sp_qrd_solver/Debug/DSPF_sp_qrd_solver.out
[27] 加载 .text段 地址=0x800002500 大小=0x3db00
[28] 加载 .neardata段 地址=0x800040000 大小=0x58
[29] 加载 .fardata段 地址=0x800040058 大小=0x3e0
[30] 加载 .bss段 地址=0x800040438 大小=0x42d38
[31] 加载 .const段 地址=0x800083170 大小=0xd90
[32] 加载 .cio段 地址=0x800083f00 大小=0x4008
[33] DSPF_dp_qrd	Iter#: 1	


x = [0.205474, -26.305555, -0.822826, 23.785921, 20.411329, 55.678188, -19.145880, -15.997025, 8.704593, -30.008352, -40.860935, 23.518490, 14.908151, -49.877300, -4.210965, 26.950308, ]
x = [0.205474, -26.305555, -0.822826, 23.785921, 20.411329, 55.678188, -19.145880, -15.997025, 8.704593, -30.008352, -40.860935, 23.518490, 14.908151, -49.877300, -4.210965, 26.950308, ]
y = [1962387.000000, -24462.341797, 766819.375000, 242169.312500, 59476.347656, 284721.156250, -94454.132813, 88601.867188, 326636.593750, -457037.625000, 366238.531250, 169725.515625, 226967.828125, -87614.101563, 125963.929688, -384062.062500, ]
y = [1962387.000000, -24462.351563, 766819.375000, 242169.343750, 59476.343750, 284721.187500, -94454.125000, 88601.867188, 326636.593750, -457037.625000, 366238.593750, 169725.515625, 226967.843750, -87614.093750, 125963.976563, -384062.062500, ]


[37] Successful	order=16x16, 	qr: 750384, 	slover: 4781, 	inverse: 452313, 
[38] DSPF_dp_qrd	Iter#: 2	

x = [1.251974, 1.733237, -0.242883, -0.139688, 0.434706, 0.037096, 1.553864, 0.757456, -0.146242, -0.610864, -1.573212, 0.438565, 0.371993, 1.188882, -1.148569, 2.242403, -1.557582, -0.418531, 1.265415, -0.013293, 1.024808, 1.888531, 0.701287, 0.263529, 0.806405, -1.634060, -0.513021, -0.616715, -0.607451, 0.442188, -1.908355, -0.951487, 1.368543, -1.236400, -1.251318, -2.704075, 0.519217, -0.285407, 0.507113, -0.916673, -0.493586, 0.221903, -0.993360, 0.891201, 0.600492, 0.534113, 0.634348, 0.769741, ]
x = [1.251975, 1.733237, -0.242882, -0.139688, 0.434706, 0.037096, 1.553865, 0.757456, -0.146242, -0.610865, -1.573212, 0.438564, 0.371993, 1.188882, -1.148569, 2.242403, -1.557582, -0.418531, 1.265415, -0.013293, 1.024808, 1.888530, 0.701287, 0.263530, 0.806406, -1.634060, -0.513021, -0.616715, -0.607451, 0.442188, -1.908355, -0.951487, 1.368543, -1.236400, -1.251318, -2.704075, 0.519217, -0.285407, 0.507113, -0.916672, -0.493586, 0.221903, -0.993359, 0.891201, 0.600491, 0.534113, 0.634348, 0.769740, ]
y = [3830842.250000, -916523.687500, -355715.750000, 147211.031250, 542096.437500, 313803.750000, -669911.875000, -47203.156250, 82321.687500, 211739.640625, -305168.156250, -396806.437500, -88880.390625, 528107.312500, -260183.265625, -21462.408203, -318313.937500, 23124.527344, 521622.718750, -265188.593750, -207346.937500, 281450.468750, 409737.593750, -110710.789063, -118796.070313, -47654.726563, 469569.593750, 133461.375000, -377224.906250, -59784.593750, -654617.687500, 188969.578125, -440675.562500, 176516.421875, -138824.093750, -519461.218750, 515500.343750, -217437.937500, 10871.429688, 646333.437500, -461473.593750, -659743.187500, -271838.562500, 330322.218750, -284807.375000, -412163.687500, 27614.484375, 149770.625000, ]
y = [3830842.250000, -916523.687500, -355715.843750, 147210.968750, 542096.437500, 313803.750000, -669911.875000, -47203.105469, 82321.687500, 211739.656250, -305168.281250, -396806.375000, -88880.359375, 528107.312500, -260183.265625, -21462.390625, -318314.000000, 23124.550781, 521622.656250, -265188.593750, -207346.937500, 281450.500000, 409737.593750, -110710.804688, -118796.125000, -47654.695313, 469569.593750, 133461.390625, -377224.937500, -59784.593750, -654617.625000, 188969.578125, -440675.468750, 176516.312500, -138824.093750, -519461.156250, 515500.281250, -217437.937500, 10871.500000, 646333.437500, -461473.562500, -659743.125000, -271838.562500, 330322.312500, -284807.312500, -412163.625000, 27614.492188, 149770.562500, ]

[42] Successful	order=48x48, 	qr: 17520708, 	slover: 21689, 	inverse: 11493233, 
[43] DSPF_dp_qrd	Iter#: 3	
x = [-1.342921, 1.483360, 0.440476, 12.103933, 8.073704, -3.792215, -0.363660, -0.626867, -9.022837, -12.178168, -8.541807, -11.055737, 24.492531, -10.988393, -2.746131, 6.539560, -10.916729, 2.251010, -4.937471, 9.228544, -2.575421, 11.918019, -0.240849, -14.508472, 15.834739, 3.505578, -3.728859, -19.540396, -15.675519, -5.779101, -13.171740, 9.814971, 20.808943, 21.087444, 6.103495, -1.225939, 19.275265, 1.358180, 4.199667, -4.121805, -11.906357, -5.202495, -5.787125, 6.332586, 5.838649, 2.561472, -14.071890, 7.148047, 11.301071, 6.359815, -3.770166, -8.050744, 9.725759, -14.978265, -1.758509, 14.984814, -31.487368, 
1.582139, 2.535204, 1.508475, 0.821783, 0.063735, 0.119258, 0.042195, ]
x = [-1.415854, 1.330679, 0.632782, 1.012133, -0.368287, -2.905935, -0.507144, -0.549669, -1.720237, -1.283841, 0.521856, -3.609922, 1.822292, 0.591379, 0.794657, -0.520369, -0.620896, 0.819676, -1.519136, 0.556026, 0.297937, 0.879746, -1.606794, -1.970232, -0.438173, 1.421683, -1.344881, 0.321075, -2.055284, 1.226254, -2.759580, -0.495891, 1.418307, 2.151857, 1.076488, -0.356501, 1.170123, -0.354223, 0.885214, -0.951944, -0.614884, -2.208692, -0.193435, 1.536808, -1.102191, 1.404933, 1.321913, 2.528599, 0.647818, 1.358102, -0.118061, -1.565276, -1.398116, -0.030479, 0.267130, 0.942905, -1.432784, 
1.582139, 2.535205, 1.508475, 0.821783, 0.063735, 0.119258, 0.042195, ]
y = [3437507.750000, -1398646.875000, 99418.359375, 295010.656250, 402867.187500, 306839.375000, 517291.281250, -155732.765625, -387061.500000, -44180.144531, -763609.250000, -367221.343750, -27277.242188, -35049.109375, -337052.843750, 561065.000000, 524721.937500, 70510.156250, -451579.500000, 29308.960938, -739583.187500, 60297.824219, -379984.218750, 114657.273438, -592383.437500, -128855.757813, -151686.656250, -203253.171875, 104290.023438, 263269.750000, -239286.609375, -36857.230469, 460679.968750, -589862.812500, 49985.093750, 293510.187500, -73952.765625, 93627.039063, 301197.125000, 84563.523438, -338819.093750, -365216.437500, -2429.455811, 145456.656250, 331818.093750, 543029.625000, 487584.343750, -98670.679688, 412822.750000, -334361.375000, -235127.328125, -357490.625000, 315498.375000, 77992.164063, 26012.148438, 494892.593750, -209509.093750, 306222.937500, -117217.765625, -276298.656250, -325050.656250, -63916.449219, 55678.437500, 19631.361328, ]
y = [3437507.750000, -1398646.875000, 99418.250000, 295010.625000, 402867.218750, 306839.250000, 517291.343750, -155732.781250, -387061.468750, -44180.175781, -763609.250000, -367221.312500, -27277.265625, -35049.074219, -337052.906250, 561064.937500, 524721.812500, 70510.156250, -451579.562500, 29309.013672, -739583.187500, 60297.882813, -379984.250000, 114657.195313, -592383.437500, -128855.726563, -151686.750000, -203253.140625, 104290.070313, 263269.750000, -239286.562500, -36857.171875, 460680.031250, -589862.875000, 49985.097656, 293510.187500, -73952.765625, 93627.078125, 301197.125000, 84563.500000, -338819.156250, -365216.500000, -2429.422852, 145456.718750, 331818.125000, 543029.625000, 487584.343750, -98670.656250, 412822.687500, -334361.312500, -235127.468750, -357490.500000, 315498.343750, 77992.187500, 26012.101563, 494892.593750, -209509.093750, 306222.937500, -117217.781250, -276298.687500, -325050.625000, -63916.488281, 55678.492188, 19631.378906, ]
[47] Successful	order=64x64, 	qr: 40859021, 	slover: 33985, 	inverse: 27034627, 
[48] 
