[54] begin test
[55] DSPF_sp_qrd_cmplx	Iter#: 1	x = [1.622619, 1.385465, -2.693135, 0.914979, -2.968519, -1.512658, -0.255777, 0.478075, 0.287745, 0.425851, 0.225487, -1.532432, 0.989114, -0.703255, -0.745090, 1.365895, 1.716059, -0.120638, -0.737097, -5.181374, -3.032861, 0.036086, -0.160714, -2.435912, 4.149095, 2.811776, 2.320735, 0.971041, 2.716371, 2.468237, -3.705321, 0.321379, 
[56] ]
[57] y = [-2400012.500000, -382803.375000, -1268761.750000, 972961.937500, 779013.375000, -366876.781250, -293507.250000, 172058.625000, -91666.726563, -512729.562500, 327007.937500, -216964.250000, -454608.937500, 501974.375000, 341517.281250, -350936.062500, -704158.000000, -5658.136719, -437103.281250, -6080.896484, 289371.468750, -142012.250000, -401900.187500, 254146.375000, -83189.460938, -212651.937500, 29294.160156, 145334.250000, 770792.562500, 315951.531250, -610384.437500, -42265.460938, 
[58] ]
[59] x = [1.622618, 1.385465, -2.693135, 0.914979, -2.968519, -1.512661, -0.255777, 0.478075, 0.287746, 0.425852, 0.225487, -1.532432, 0.989114, -0.703254, -0.745090, 1.365895, 1.716060, -0.120638, -0.737095, -5.181375, -3.032861, 0.036085, -0.160714, -2.435912, 4.149093, 2.811778, 2.320735, 0.971041, 2.716371, 2.468237, -3.705322, 0.321379, 
[60] ]
[61] y = [-2400012.500000, -382803.375000, -1268761.750000, 972961.937500, 779013.375000, -366876.687500, -293507.250000, 172058.625000, -91666.726563, -512729.562500, 327007.937500, -216964.250000, -454608.937500, 501974.375000, 341517.250000, -350936.125000, -704157.937500, -5658.167969, -437103.218750, -6080.888672, 289371.500000, -142012.250000, -401900.187500, 254146.390625, -83189.546875, -212651.875000, 29294.160156, 145334.250000, 770792.562500, 315951.531250, -610384.500000, -42265.460938, 
[62] ]
[63] Result Successful	order=16x16  qrd: 251947  solver: 136833  inverse: 3635885
[64] DSPF_sp_qrd_cmplx	Iter#: 2	

// x后22个正确 11个复数
x = [-0.498744, 0.306002, -0.154861, -0.472554, -1.498598, -1.333145, 2.621297, 2.444813, 0.434205, 0.755069, -1.990405, 1.408192, 0.458228, -0.042073, -1.310057, -1.347525, 0.346633, -0.994215, 0.608349, -2.449702, -0.790186, 1.351734, 1.359687, 0.314231, 0.946294, -1.831139, 0.697768, 0.519176, 1.618410, -1.255928, -0.549857, 0.779580, -1.299214, -0.361377, -0.135458, -3.044339, 0.056426, 0.270053, -1.153715, 0.314531, -1.197341, 0.271619, 0.159960, 0.456397, -0.911359, -0.563336, -0.361071, 1.190619, 2.606838, -2.752981, 0.080432, 1.409367, -1.084185, -2.027275, 2.214323, -2.867201, 0.590794, 3.565211, -2.250504, -0.333309, 0.601407, -0.930689, 0.160066, 0.508994, -0.176040, 1.366545, 2.105781, 1.641734, -1.266569, 1.872493, -0.675756, 0.717932, -0.265752, -4.077506, 
-0.963907, -0.644639, -0.290197, 0.851815, -0.686124, 0.499848, 0.667907, 0.302411, 2.344532, 0.114486, -1.544838, -0.126271, -0.861627, 0.837225, -0.036784, -0.061206, 1.342844, 2.594377, 0.842653, 0.973766, -0.132004, -0.415031, 
x = [0.080440, -0.111645, -0.219258, -0.682862, -2.032548, -0.688438, 2.157786, 0.423062, 0.042907, 0.272942, -1.525904, 0.819115, 0.334510, 0.523987, -1.067338, -0.452869, 0.284049, -0.791842, -0.508323, -2.302194, 0.732740, 0.850565, 1.645499, 0.529715, 0.240419, -1.824339, 0.298757, -1.084716, 1.308061, -1.093700, -0.465692, 0.230862, -0.690812, 0.714122, -0.879373, -2.537422, 0.154416, -0.003030, -0.961772, 1.020660, -0.559574, 0.543868, 0.939706, 0.453673, -0.165641, 0.344222, 0.216732, 1.087564, 1.055264, -2.665363, 0.849474, 0.775695, -1.497955, -1.105133, 1.217061, -2.615925, 1.631658, 3.188820, -1.435488, 0.837042, -0.376020, -1.814680, 0.144346, 0.058103, 0.391564, 0.691871, 1.270890, 0.472746, -0.773814, 1.477829, 0.037915, 0.745797, -1.215157, -0.618420, 
-0.963907, -0.644639, -0.290197, 0.851815, -0.686124, 0.499847, 0.667906, 0.302412, 2.344532, 0.114486, -1.544838, -0.126271, -0.861627, 0.837225, -0.036784, -0.061206, 1.342844, 2.594377, 0.842653, 0.973766, -0.132004, -0.415031, 
y = [-4391765.000000, -304993.375000, -1467006.750000, 428271.843750, -1210471.750000, -418684.375000, 1183187.250000, 69110.335938, 854550.750000, -46013.593750, -336686.562500, -422520.531250, 279044.593750, -270838.437500, -360541.187500, 456464.281250, 554767.125000, 645369.250000, -185385.312500, 730356.750000, -30198.828125, 84817.031250, -170421.937500, 32451.535156, -213403.078125, -288605.812500, -140688.437500, -474500.375000, -813486.312500, -190130.328125, -61250.214844, -265814.812500, -75940.242188, -208439.609375, -239788.968750, -396681.218750, 189335.640625, 114551.351563, 540219.062500, -105390.531250, 17872.753906, -211890.875000, -478961.000000, 477542.000000, -61234.085938, 185181.015625, -171635.312500, -229324.359375, 590065.437500, 296416.500000, 371328.156250, 351391.000000, -98148.906250, -354426.812500, -528923.625000, -101771.859375, 584368.125000, -139648.296875, 285297.937500, -257946.468750, -573713.750000, 40234.554688, 52798.382813, 297595.031250, 535082.187500, 361946.687500, -5215.320313, -33422.625000, 85128.015625, -126954.914063, 49961.734375, 222211.234375, 403798.062500, -228600.562500, 132885.781250, 285382.031250, 108879.804688, -400250.375000, 35630.843750, -233654.156250, 190879.343750, 553303.000000, 236899.796875, -408952.656250, 373935.468750, 74294.289063, 164588.078125, 658003.062500, -358281.625000, 259119.921875, -125552.523438, -421083.312500, -362457.906250, -448922.593750, 237543.921875, -94372.187500, 
y = [-4391765.000000, -304993.312500, -1467006.750000, 428271.843750, -1210471.750000, -418684.500000, 1183187.250000, 69110.320313, 854550.750000, -46013.593750, -336686.562500, -422520.531250, 279044.625000, -270838.468750, -360541.250000, 456464.406250, 554767.125000, 645369.312500, -185385.312500, 730356.750000, -30198.835938, 84817.000000, -170421.875000, 32451.593750, -213403.078125, -288605.750000, -140688.406250, -474500.437500, -813486.312500, -190130.265625, -61250.218750, -265814.812500, -75940.242188, -208439.640625, -239789.031250, -396681.218750, 189335.640625, 114551.351563, 540219.062500, -105390.531250, 17872.753906, -211890.875000, -478961.000000, 477541.937500, -61234.101563, 185181.015625, -171635.375000, -229324.359375, 590065.562500, 296416.562500, 371328.281250, 351391.000000, -98148.890625, -354426.812500, -528923.625000, -101771.890625, 584368.125000, -139648.296875, 285297.875000, -257946.468750, -573713.750000, 40234.585938, 52798.375000, 297595.031250, 535082.250000, 361946.656250, -5215.347656, -33422.625000, 85128.015625, -126954.914063, 49961.773438, 222211.203125, 403798.125000, -228600.500000, 132885.812500, 285382.031250, 108879.820313, -400250.437500, 35630.781250, -233654.187500, 190879.375000, 553302.937500, 236899.781250, -408952.687500, 373935.468750, 74294.289063, 164588.046875, 658003.062500, -358281.562500, 259119.890625, -125552.585938, -421083.312500, -362457.906250, -448922.593750, 237543.921875, -94372.281250, 


// x后18个正确 9个复数
x = [nan, nan, nan, nan, nan, nan, nan, nan, nan, nan, nan, nan, nan, nan, nan, nan, nan, nan, nan, nan, nan, nan, nan, nan, nan, nan, nan, nan, nan, nan, nan, nan, nan, nan, nan, nan, nan, nan, nan, nan, nan, nan, nan, nan, nan, nan, nan, nan, nan, nan, nan, nan, nan, nan, nan, nan, nan, nan, nan, nan, nan, nan, nan, nan, nan, nan, nan, nan, nan, nan, nan, nan, nan, nan, nan, nan, nan, nan, nan, nan, nan, nan, nan, nan, nan, nan, nan, nan, nan, nan, nan, nan, nan, nan, nan, nan, nan, nan, nan, nan, nan, nan, nan, nan, nan, nan, nan, nan, nan, nan, 
-0.075631, -1.410646, 1.546358, 0.183496, -0.516491, 0.384428, 1.167395, -0.797215, -2.290844, -0.199127, 1.669825, 1.060696, 0.524744, -0.195788, -0.704292, -0.804509, 1.423397, -0.131422, 
x = [-0.695106, 0.529325, 0.019362, -0.303363, -2.123465, -1.067412, 0.504180, 0.603301, -1.013927, -0.897117, -1.046679, 0.240903, 0.421555, 0.889667, 1.141197, 0.883469, -0.380014, 1.533786, 0.371317, -0.261676, -0.672727, 0.348187, -0.732858, 1.603362, -0.721848, -0.528842, -1.540839, -0.207512, 1.029660, 0.527378, -0.357998, 0.169422, -1.505523, -0.939859, 0.660575, 1.406162, 0.362265, -0.753208, 0.301405, -1.786638, -1.351312, -0.611783, 1.073072, 0.448336, -1.148066, 0.263820, 1.259373, -1.524810, 0.439041, -0.808251, 1.044883, -0.255256, 0.839356, -0.564061, 0.453829, 0.368402, 0.725180, 0.075696, 0.270762, 0.920259, 0.307869, -0.785427, -0.455188, -0.177549, -0.232099, 1.111915, 0.075607, 1.909340, 1.788521, 1.029132, 0.499195, -0.173569, 0.261146, -1.096452, -0.403996, 1.583113, -0.232762, -0.255685, -1.485093, -0.028112, 0.893238, -0.789108, -1.239953, -1.263200, -0.883415, -0.837256, 0.182141, 1.952923, 0.425886, 1.043491, -0.070352, -0.043960, 0.618438, -1.358817, 0.232251, -0.515676, 1.701994, 0.258927, 0.228711, 0.931094, -0.633332, -0.371603, -0.031708, 0.802622, -0.105393, 0.353804, 0.107174, -0.329189, -0.241517, -0.871544,
-0.075631, -1.410646, 1.546357, 0.183496, -0.516491, 0.384428, 1.167395, -0.797215, -2.290843, -0.199127, 1.669825, 1.060696, 0.524744, -0.195788, -0.704292, -0.804509, 1.423397, -0.131422, 
y = [-4941676.000000, 39276.417969, -1801004.000000, 177643.796875, 942993.062500, -162291.421875, -941052.812500, 128411.765625, -408026.718750, 426788.843750, 259082.531250, 158976.015625, 686336.125000, -25720.009766, 294697.625000, -358710.937500, -484444.343750, 142250.750000, 223128.640625, -333174.218750, 434907.406250, -448299.656250, -391744.062500, -834810.187500, 22588.242188, -753586.187500, 45001.875000, -44539.062500, -292055.906250, -305836.468750, -406003.468750, -475749.312500, 386563.218750, 565088.812500, 692067.750000, 140868.171875, 361655.968750, -397386.562500, -152900.531250, 199126.437500, -426065.937500, -83893.843750, -64583.792969, 265847.000000, 190569.468750, -209153.515625, 109845.656250, 451673.687500, 61191.210938, 257304.968750, 280935.781250, -7769.622070, 40192.187500, 526263.562500, -670753.937500, -121284.421875, 158820.687500, 329685.937500, 112403.281250, -697593.000000, -271041.625000, 44473.156250, 452515.375000, 34798.082031, -355588.500000, -112210.234375, 292352.250000, -451640.812500, -52632.703125, -201978.781250, 620298.062500, -518034.906250, 295635.531250, -64873.242188, 93751.398438, 67722.257813, -224322.171875, 251968.000000, -251004.843750, -68211.953125, -96964.250000, 174078.281250, -130176.445313, 319493.312500, 102693.429688, -132264.890625, -167229.609375, -214150.906250, 90770.906250, 127371.203125, -65058.445313, 14562.904297, -326017.031250, 211920.031250, -180243.843750, -329247.500000, -473511.468750, -169058.406250, -115152.414063, -180750.437500, 41333.195313, -221941.718750, -289400.062500, -95711.320313, -59235.296875, 225121.375000, 147396.375000, 126163.375000, 158835.328125, -224747.109375, -430666.937500, -464583.562500, 210389.062500, 165351.125000, 177343.062500, 231271.359375, -482163.031250, 476676.062500, -18654.664063, -237546.015625, -619318.125000, -63860.234375, -95779.929688, 5139.876953, -112025.437500, 560239.000000, -585055.687500, -281102.156250, 
y = [-4941676.000000, 39276.386719, -1801004.250000, 177643.828125, 942993.125000, -162291.406250, -941052.812500, 128411.703125, -408026.718750, 426788.906250, 259082.468750, 158976.015625, 686336.250000, -25720.007813, 294697.687500, -358710.937500, -484444.343750, 142250.781250, 223128.703125, -333174.093750, 434907.406250, -448299.781250, -391744.000000, -834810.125000, 22588.242188, -753586.125000, 45001.937500, -44539.101563, -292055.906250, -305836.437500, -406003.437500, -475749.343750, 386563.218750, 565088.812500, 692067.687500, 140868.171875, 361656.000000, -397386.437500, -152900.531250, 199126.437500, -426066.000000, -83893.781250, -64583.785156, 265846.937500, 190569.468750, -209153.515625, 109845.656250, 451673.687500, 61191.242188, 257305.031250, 280935.781250, -7769.622070, 40192.187500, 526263.562500, -670753.812500, -121284.406250, 158820.687500, 329685.937500, 112403.312500, -697593.000000, -271041.625000, 44473.195313, 452515.375000, 34798.082031, -355588.562500, -112210.218750, 292352.250000, -451640.781250, -52632.703125, -201978.796875, 620298.000000, -518034.906250, 295635.562500, -64873.234375, 93751.367188, 67722.265625, -224322.109375, 251967.937500, -251004.781250, -68211.945313, -96964.242188, 174078.281250, -130176.476563, 319493.312500, 102693.460938, -132264.890625, -167229.625000, -214150.906250, 90770.796875, 127371.203125, -65058.445313, 14562.927734, -326017.000000, 211920.031250, -180243.843750, -329247.562500, -473511.406250, -169058.406250, -115152.351563, -180750.468750, 41333.195313, -221941.718750, -289400.093750, -95711.289063, -59235.296875, 225121.375000, 147396.359375, 126163.515625, 158835.234375, -224747.046875, -430667.000000, -464583.593750, 210389.156250, 165351.062500, 177343.093750, 231271.359375, -482163.031250, 476676.000000, -18654.695313, -237546.015625, -619318.062500, -63860.265625, -95779.992188, 5139.884766, -112025.437500, 560239.000000, -585055.625000, -281102.156250, 

[80] ]
[81] Result Successful	order=64x64  qrd: 6419596  solver: 602168  inverse: 62854819
[82] end
[83] 
