[0] DSPF_sp_qrd_cmplx	Iter#: 1	x = [1.622619, 1.385465, -2.693135, 0.914979, -2.968519, -1.512658, -0.255777, 0.478075, 0.287745, 0.425851, 0.225487, -1.532432, 0.989114, -0.703255, -0.745090, 1.365895, 1.716059, -0.120638, -0.737097, -5.181374, -3.032861, 0.036086, -0.160714, -2.435912, 4.149095, 2.811776, 2.320735, 0.971041, 2.716371, 2.468237, -3.705321, 0.321379, 
[1] ]
[2] y = [-2400012.500000, -382803.375000, -1268761.750000, 972961.937500, 779013.375000, -366876.781250, -293507.250000, 172058.625000, -91666.726563, -512729.562500, 327007.937500, -216964.250000, -454608.937500, 501974.375000, 341517.281250, -350936.062500, -704158.000000, -5658.136719, -437103.281250, -6080.896484, 289371.468750, -142012.250000, -401900.187500, 254146.375000, -83189.460938, -212651.937500, 29294.160156, 145334.250000, 770792.562500, 315951.531250, -610384.437500, -42265.460938, 
[3] ]
[4] x = [1.622618, 1.385465, -2.693135, 0.914979, -2.968519, -1.512661, -0.255777, 0.478075, 0.287746, 0.425852, 0.225487, -1.532432, 0.989114, -0.703254, -0.745090, 1.365895, 1.716060, -0.120638, -0.737095, -5.181375, -3.032861, 0.036085, -0.160714, -2.435912, 4.149093, 2.811778, 2.320735, 0.971041, 2.716371, 2.468237, -3.705322, 0.321379, 
[5] ]
[6] y = [-2400012.500000, -382803.375000, -1268761.750000, 972961.937500, 779013.375000, -366876.687500, -293507.250000, 172058.625000, -91666.726563, -512729.562500, 327007.937500, -216964.250000, -454608.937500, 501974.375000, 341517.250000, -350936.125000, -704157.937500, -5658.167969, -437103.218750, -6080.888672, 289371.500000, -142012.250000, -401900.187500, 254146.390625, -83189.546875, -212651.875000, 29294.160156, 145334.250000, 770792.562500, 315951.531250, -610384.500000, -42265.460938, 
[7] ]
[8] Result Successful	order=16x16  qrd: 236714  solver: 130107  inverse: 4014144
[9] DSPF_sp_qrd_cmplx	Iter#: 2	

y = [-4391765.000000, -304993.375000, -1467006.750000, 428271.843750, -1210471.750000, -418684.375000, 1183187.250000, 69110.335938, 854550.750000, -46013.593750, -336686.562500, -422520.531250, 279044.593750, -270838.437500, -360541.187500, 456464.281250, 554767.125000, 645369.250000, -185385.312500, 730356.750000, -30198.828125, 84817.031250, -170421.937500, 32451.535156, -213403.078125, -288605.812500, -140688.437500, -474500.375000, -813486.312500, -190130.328125, -61250.214844, -265814.812500, -75940.242188, -208439.609375, -239788.968750, -396681.218750, 189335.640625, 114551.351563, 540219.062500, -105390.531250, 17872.753906, -211890.875000, -478961.000000, 477542.000000, -61234.085938, 185181.015625, -171635.312500, -229324.359375, 590065.437500, 296416.500000, 371328.156250, 351391.000000, -98148.906250, -354426.812500, -528923.625000, -101771.859375, 584368.125000, -139648.296875, 285297.937500, -257946.468750, -573713.750000, 40234.554688, 52798.382813, 297595.031250, 535082.187500, 361946.687500, -5215.320313, -33422.625000, 85128.015625, -126954.914063, 49961.734375, 222211.234375, 403798.062500, -228600.562500, 132885.781250, 285382.031250, 108879.804688, -400250.375000, 35630.843750, -233654.156250, 190879.343750, 553303.000000, 236899.796875, -408952.656250, 373935.468750, 74294.289063, 164588.078125, 658003.062500, -358281.625000, 259119.921875, -125552.523438, -421083.312500, -362457.906250, -448922.593750, 237543.921875, -94372.187500, 
y = [-4391765.000000, -304993.312500, -1467006.750000, 428271.843750, -1210471.750000, -418684.500000, 1183187.250000, 69110.320313, 854550.750000, -46013.593750, -336686.562500, -422520.531250, 279044.625000, -270838.468750, -360541.250000, 456464.406250, 554767.125000, 645369.312500, -185385.312500, 730356.750000, -30198.835938, 84817.000000, -170421.875000, 32451.593750, -213403.078125, -288605.750000, -140688.406250, -474500.437500, -813486.312500, -190130.265625, -61250.218750, -265814.812500, -75940.242188, -208439.640625, -239789.031250, -396681.218750, 189335.640625, 114551.351563, 540219.062500, -105390.531250, 17872.753906, -211890.875000, -478961.000000, 477541.937500, -61234.101563, 185181.015625, -171635.375000, -229324.359375, 590065.562500, 296416.562500, 371328.281250, 351391.000000, -98148.890625, -354426.812500, -528923.625000, -101771.890625, 584368.125000, -139648.296875, 285297.875000, -257946.468750, -573713.750000, 40234.585938, 52798.375000, 297595.031250, 535082.250000, 361946.656250, -5215.347656, -33422.625000, 85128.015625, -126954.914063, 49961.773438, 222211.203125, 403798.125000, -228600.500000, 132885.812500, 285382.031250, 108879.820313, -400250.437500, 35630.781250, -233654.187500, 190879.375000, 553302.937500, 236899.781250, -408952.687500, 373935.468750, 74294.289063, 164588.046875, 658003.062500, -358281.562500, 259119.890625, -125552.585938, -421083.312500, -362457.906250, -448922.593750, 237543.921875, -94372.281250, 
x = [-0.498744, 0.306002, -0.154861, -0.472554, -1.498598, -1.333145, 2.621297, 2.444813, 0.434205, 0.755069, -1.990405, 1.408192, 0.458228, -0.042073, -1.310057, -1.347525, 0.346633, -0.994215, 0.608349, -2.449702, -0.790186, 1.351734, 1.359687, 0.314231, 0.946294, -1.831139, 0.697768, 0.519176, 1.618410, -1.255928, -0.549857, 0.779580, -1.299214, -0.361377, -0.135458, -3.044339, 0.056426, 0.270053, -1.153715, 0.314531, -1.197341, 0.271619, 0.159960, 0.456397, -0.911359, -0.563336, -0.361071, 1.190619, 2.606838, -2.752981, 0.080432, 1.409367, -1.084185, -2.027275, 2.214323, -2.867201, 0.590794, 3.565211, -2.250504, -0.333309, 0.601407, -0.930689, 0.160066, 0.508994, -0.176040, 1.366545, 2.105781, 1.641734, -1.266569, 1.872493, -0.675756, 0.717932, -0.265752, -4.077506,    -0.963907, -0.644639, -0.290197, 0.851815, -0.686124, 0.499848, 0.667907, 0.302411, 2.344532, 0.114486, -1.544838, -0.126271, -0.861627, 0.837225, -0.036784, -0.061206, 1.342844, 2.594377, 0.842653, 0.973766, -0.132004, -0.415031, 
x = [0.080440, -0.111645, -0.219258, -0.682862, -2.032548, -0.688438, 2.157786, 0.423062, 0.042907, 0.272942, -1.525904, 0.819115, 0.334510, 0.523987, -1.067338, -0.452869, 0.284049, -0.791842, -0.508323, -2.302194, 0.732740, 0.850565, 1.645499, 0.529715, 0.240419, -1.824339, 0.298757, -1.084716, 1.308061, -1.093700, -0.465692, 0.230862, -0.690812, 0.714122, -0.879373, -2.537422, 0.154416, -0.003030, -0.961772, 1.020660, -0.559574, 0.543868, 0.939706, 0.453673, -0.165641, 0.344222, 0.216732, 1.087564, 1.055264, -2.665363, 0.849474, 0.775695, -1.497955, -1.105133, 1.217061, -2.615925, 1.631658, 3.188820, -1.435488, 0.837042, -0.376020, -1.814680, 0.144346, 0.058103, 0.391564, 0.691871, 1.270890, 0.472746, -0.773814, 1.477829, 0.037915, 0.745797, -1.215157, -0.618420,        -0.963907, -0.644639, -0.290197, 0.851815, -0.686124, 0.499847, 0.667906, 0.302412, 2.344532, 0.114486, -1.544838, -0.126271, -0.861627, 0.837225, -0.036784, -0.061206, 1.342844, 2.594377, 0.842653, 0.973766, -0.132004, -0.415031, 

[16] ]
[17] Result Successful	order=48x48  qrd: 2894393  solver: 418969  inverse: 38109431


[18] DSPF_sp_qrd_cmplx	Iter#: 3	x = [nan, nan, nan, nan, nan, nan, nan, nan, nan, nan, nan, nan, nan, nan, nan, nan, nan, nan, nan, nan, nan, nan, nan, nan, nan, nan, nan, nan, nan, nan, nan, nan, nan, nan, nan, nan, nan, nan, nan, nan, nan, nan, nan, nan, nan, nan, nan, nan, nan, nan, nan, nan, nan, nan, nan, nan, nan, nan, nan, nan, nan, nan, nan, nan, nan, nan, nan, nan, nan, nan, nan, nan, nan, nan, nan, nan, nan, nan, nan, nan, nan, nan, nan, nan, nan, nan, nan, nan, nan, nan, nan, nan, nan, nan, nan, nan, nan, nan, nan, nan, nan, nan, nan, nan, nan, nan, nan, nan, nan, nan, -0.075631, -1.410646, 1.546358, 0.183496, -0.516491, 0.384428, 1.167395, -0.797215, -2.290844, -0.199127, 1.669825, 1.060696, 0.524744, -0.195788, -0.704292, -0.804509, 1.423397, -0.131422, 
[19] ]
[20] y = [-4941676.000000, 39276.417969, -1801004.000000, 177643.796875, 942993.062500, -162291.421875, -941052.812500, 128411.765625, -408026.718750, 426788.843750, 259082.531250, 158976.015625, 686336.125000, -25720.009766, 294697.625000, -358710.937500, -484444.343750, 142250.750000, 223128.640625, -333174.218750, 434907.406250, -448299.656250, -391744.062500, -834810.187500, 22588.242188, -753586.187500, 45001.875000, -44539.062500, -292055.906250, -305836.468750, -406003.468750, -475749.312500, 386563.218750, 565088.812500, 692067.750000, 140868.171875, 361655.968750, -397386.562500, -152900.531250, 199126.437500, -426065.937500, -83893.843750, -64583.792969, 265847.000000, 190569.468750, -209153.515625, 109845.656250, 451673.687500, 61191.210938, 257304.968750, 280935.781250, -7769.622070, 40192.187500, 526263.562500, -670753.937500, -121284.421875, 158820.687500, 329685.937500, 112403.281250, -697593.000000, -271041.625000, 44473.156250, 452515.375000, 34798.082031, -355588.500000, -112210.234375, 292352.250000, -451640.812500, -52632.703125, -201978.781250, 620298.062500, -518034.906250, 295635.531250, -64873.242188, 93751.398438, 67722.257813, -224322.171875, 251968.000000, -251004.843750, -68211.953125, -96964.250000, 174078.281250, -130176.445313, 319493.312500, 102693.429688, -132264.890625, -167229.609375, -214150.906250, 90770.906250, 127371.203125, -65058.445313, 14562.904297, -326017.031250, 211920.031250, -180243.843750, -329247.500000, -473511.468750, -169058.406250, -115152.414063, -180750.437500, 41333.195313, -221941.718750, -289400.062500, -95711.320313, -59235.296875, 225121.375000, 147396.375000, 126163.375000, 158835.328125, -224747.109375, -430666.937500, -464583.562500, 210389.062500, 165351.125000, 177343.062500, 231271.359375, -482163.031250, 476676.062500, -18654.664063, -237546.015625, -619318.125000, -63860.234375, -95779.929688, 5139.876953, -112025.437500, 560239.000000, -585055.687500, -281102.156250, 
[21] 
